[Config]
IsDir=1
Image1Directory=D:/New folder/Maya export mesh 1 florence hill/
Image1R1=0.258093
Image1R2=0.118122
Image1R3=-0.028720
Image1PPX=0.0
Image1PPY=0.0
Image1FocalLen=20.4437788996077
Image2Directory=
Image2R1=0.258093
Image2R2=0.118122
Image2R3=-0.028720
Image2PPX=0.0
Image2PPY=0.0
Image2FocalLen=20.4437788996077
Image3Directory=
Image3R1=0.258093
Image3R2=0.118122
Image3R3=-0.028720
Image3PPX=0.0
Image3PPY=0.0
Image3FocalLen=20.4437788996077
Image4Directory=
Image4R1=0.258093
Image4R2=0.118122
Image4R3=-0.028720
Image4PPX=0.0
Image4PPY=0.0
Image4FocalLen=20.4437788996077
DestFocalLen=15.33492252150495


