[Config]
IsDir=1
Image1Directory=
Image1FocalLen=20.4437788996077
Image1R1=0.258093
Image1R2=0.118122
Image1R3=-0.028720
Image1PPX=0.0
Image1PPY=0.0
Image2Directory=D:/New folder/Maya export mesh 1 florence hill/
Image2FocalLen=20.4437788996077
Image2R1=0.258093
Image2R2=0.118122
Image2R3=-0.028720
Image2PPX=0.0
Image2PPY=0.0
Image3Directory=D:/New folder/Maya export mesh 1 florence hill/
Image3FocalLen=20.4437788996077
Image3R1=0.258093
Image3R2=0.118122
Image3R3=-0.028720
Image3PPX=0.0
Image3PPY=0.0
Image4Directory=D:/New folder/Maya export mesh 1 florence hill/
Image4FocalLen=20.4437788996077
Image4R1=0.258093
Image4R2=0.118122
Image4R3=-0.028720
Image4PPX=0.0
Image4PPY=0.0
DestFocalLen1=15.33492252150495
DestFocalLen2=15.33492252150495
DestFocalLen3=15.33492252150495
DestFocalLen4=15.33492252150495

