[Config]
FocalLen=20.4437788996077
R1=0.258093
R2=0.118122
R3=-0.028720
PPX=0.0
PPY=0.0


